regularization = 0
0.06148043
-0.067652285
-0.2453395
-0.027922813
-0.1418271
0.15696299
-0.12461798
0.048418913
-0.14457591
-0.029698335
-0.008067686
-0.052485034
-0.043767866
-0.093549155

regularization = 0.5
-2.9571414e-08
-2.9420612e-08
3.0144923e-07
8.2797165e-08
-5.891659e-08
-8.513862e-08
-1.4522874e-07
1.4588181e-07
3.2500072e-08
2.027925e-07
-5.8108828e-08
-4.3625437e-07
-5.971593e-08
-9.426543e-08

regularization = 1
3.4960937e-08
-1.050318e-07
4.96302e-08
9.5281464e-08
3.8029032e-07
7.371983e-09
1.8989142e-07
-2.347361e-07
4.3396163e-08
1.2655104e-09
5.9254876e-07
-7.25727e-08
-8.9641944e-08
1.2769124e-07

regularization = 1e10
4.647734e-08
-3.5173838e-07
-7.489258e-07
-2.203724e-07
2.5593943e-07
9.1266986e-07
-1.4410627e-07
3.0671598e-07
7.489152e-08
-2.4410267e-07
4.5808655e-08
3.041075e-08
2.5148566e-07
1.2289765e-07
